Matrix A:
[[ 0 -4 -9]
 [ 8 -9 -1]
 [-6 -4 -2]]

Inverse of A using MCA algorithm:
[[ 0.02040816  0.04081633 -0.1122449 ]
 [ 0.03206997 -0.0787172  -0.10495627]
 [-0.12536443  0.03498542  0.04664723]]

Determinant of A:
685.9999999999998

Inverse of A using numpy:
[[ 0.02040816  0.04081633 -0.1122449 ]
 [ 0.03206997 -0.0787172  -0.10495627]
 [-0.12536443  0.03498542  0.04664723]]
