Matrix A:
[[  4   2  -1]
 [-10  -8   6]
 [-10   9  -4]]

Inverse of A using MCA algorithm:
[[ 0.18644068  0.00847458 -0.03389831]
 [ 0.84745763  0.22033898  0.11864407]
 [ 1.44067797  0.47457627  0.10169492]]

Determinant of A:
-118.00000000000004

Inverse of A using la.inv:
[[ 0.18644068  0.00847458 -0.03389831]
 [ 0.84745763  0.22033898  0.11864407]
 [ 1.44067797  0.47457627  0.10169492]]

pseudoinverse of A using la.pinv:
[[ 0.18644068  0.00847458 -0.03389831]
 [ 0.84745763  0.22033898  0.11864407]
 [ 1.44067797  0.47457627  0.10169492]]
